259
-1.7691973326584354E+16 6.77965336446021E+10 -81634.80624714663 0.042071702097051425
4.705660117255138E+15 -1.9311004440460716E+10 31289.67169329228 -0.0067259794754590645
-1.6297488670195882E+15 6.881346327462888E+9 -4805.826926859039 0.009855006734109162
1.0281402751070548E+14 -7.330424341599276E+8 6348.9227595097345 0.004407931708964023
-1.957363868119393E+14 6.617511176237015E+8 4176.817191218967 0.00553546837171158
-3.955496293903485E+13 -1.1390254208821398E+8 5460.87642802483 0.004826901215489294
-2.323944506744483E+13 -2.0003871000871927E+8 5612.458896576639 0.00473798291582889
7.475475598155161E+12 -3.7241609839957476E+8 5934.929359189418 0.004536898538834081
2.118045762926987E+13 -4.541788661860075E+8 6097.525953160876 0.004429116585887094
2.9934269582745617E+13 -5.0969516982414484E+8 6214.886633133678 0.004346416980539592
3.3837009100623516E+13 -5.360062762148262E+8 6274.013845043036 0.004302126087608124
3.4970768116374902E+13 -5.441315221241629E+8 6293.424090127422 0.004286669832768196
3.427408284244061E+13 -5.388239169814391E+8 6279.945659524187 0.004298079127333322
3.2503720885946273E+13 -5.2448652169073105E+8 6241.24153973146 0.004332906673493909
3.0139278459626434E+13 -5.041309572440145E+8 6182.827626535398 0.004388783045182653
2.7504743558186438E+13 -4.8002054823778844E+8 6109.2774118935 0.004463572790868451
2.480782497550677E+13 -4.5378351820066476E+8 6024.194909515911 0.004555542451059805
2.2178741800507684E+13 -4.265942588099761E+8 5930.466947205181 0.004663243446670977
1.9694589165534527E+13 -3.9928452014125514E+8 5830.389652483178 0.00478548878730896
1.7396971803488908E+13 -3.7243335181498647E+8 5725.7906807548125 0.004921310870898121
1.5304065572590943E+13 -3.464328656232794E+8 5618.121375074374 0.005069932186415485
1.3418971134790664E+13 -3.2153792897476184E+8 5508.532193350241 0.005230738497092597
1.1735420677386742E+13 -2.979032196259512E+8 5397.932699376815 0.005403256633965655
1.0241647947086129E+13 -2.756109200349515E+8 5287.039743356926 0.0055871354907973386
8.92297718541244E+12 -2.5469134122332692E+8 5176.416027825822 0.0057821299590273415
7.763525286672306E+12 -2.3513824619669315E+8 5066.501010929761 0.005988087309561115
6.747293083078529E+12 -2.169201939438948E+8 4957.635659516305 0.006204935678309494
5.858839139310611E+12 -1.9998890095849693E+8 4850.082276410663 0.0064326743439751845
5.083671043202245E+12 -1.8428537015352297E+8 4744.040382194084 0.006671365533209292
4.408448055367719E+12 -1.6974435069891042E+8 4639.659434176932 0.006921127533344318
3.8210601142949062E+12 -1.562975527940387E+8 4537.04901197214 0.0071821289211723895
3.310627914096665E+12 -1.438759359041232E+8 4436.286974036507 0.007454583744054175
2.867454568419872E+12 -1.3241130930613121E+8 4337.42598708594 0.007738747519684726
2.482949490653505E+12 -1.2183742444764596E+8 4240.4987530339595 0.008034913934290247
2.149538227732876E+12 -1.1209069346373783E+8 4145.522192613755 0.008343412138941138
1.860567217986961E+12 -1.031106341819234E+8 4052.500791406069 0.00866460456507444
1.6102091901217908E+12 -9.484011705462366E+7 3961.4292778937 0.008998885176785173
1.3933726618561792E+12 -8.722546954628935E+7 3872.2947623826117 0.009346678113433527
1.205617523520187E+12 -8.021648010953423E+7 3785.078449050392 0.009708436651279868
1.0430776572123435E+12 -7.376633199073023E+7 3699.7570000225955 0.010084642464961362
9.023909264352546E+11 -6.783149024779472E+7 3616.303627367052 0.010475805122661296
7.806364259578673E+11 -6.237155812748136E+7 3534.6889611287315 0.010882461811084826
6.752786581062667E+11 -5.734911536048831E+7 3454.881742157617 0.011305177243620384
5.841181480699672E+11 -5.2729547010186106E+7 3376.849372898107 0.011744543737811988
5.052479492168967E+11 -4.8480869165646255E+7 3300.5583542827694 0.01220118144443767
4.370154715734784E+11 -4.4573555978265345E+7 3225.9746327102575 0.012675738704702903
3.779890735622337E+11 -4.098037097171831E+7 3153.063873421304 0.013168892532519176
3.269288892593611E+11 -3.767620472588959E+7 3081.791676182368 0.013681349203010857
2.827613999294833E+11 -3.4637920209809065E+7 3012.1237451565303 0.014213844935140028
2.4455729967937173E+11 -3.184420637223611E+7 2944.026019562067 0.014767146680982318
2.115122540493306E+11 -2.9275440550681308E+7 2877.4647774738974 0.015342052979192843
1.8293018624876007E+11 -2.6913559517244898E+7 2812.4067131538695 0.01593939491035563
1.5820877261065936E+11 -2.4741939229944322E+7 2748.818997374977 0.016560037113418337
1.3682686191432014E+11 -2.2745282917174406E+7 2686.6693219173535 0.017204878881258608
1.183335693776151E+11 -2.0909517182942763E+7 2625.9259321308373 0.017874855326501404
1.0233882642139764E+11 -1.9221695740069456E+7 2566.557650297638 0.018570938612386182
8.850519458366269E+10 -1.7669910332387507E+7 2508.533891491548 0.019294139249390295
7.654077650501462E+10 -1.6243208411421401E+7 2451.8246737118425 0.020045507453667687
6.619307836302622E+10 -1.4931517129202684E+7 2396.400623640045 0.020826134564127314
5.7243697065868675E+10 -1.3725573220278703E+7 2342.2329792267365 0.02163715451278152
4.950372203806694E+10 -1.2616858353341853E+7 2289.293589812198 0.02247974534629527
4.280975605620409E+10 -1.1597539568240296E+7 2237.5549150875254 0.023355130783900273
3.702047202011636E+10 -1.0660414404148145E+7 2186.990022681699 0.024264581816334976
3.2013633861470905E+10 -9.79886038830991E+6 2137.5725860555335 0.025209418316352195
2.768351905689978E+10 -9.006788529054238E+6 2089.2768819352864 0.026191010667776196
2.393868881175895E+10 -8.278600518642604E+6 2042.077788447649 0.02721078138367287
2.0700059043282993E+10 -7.609149345277305E+6 1995.9507835557956 0.028270206708449104
1.789923162816917E+10 -6.993703041557267E+6 1950.8719435531711 0.02937081819624214
1.5477050861185076E+10 -6.4279113240142055E+6 1906.8179417484325 0.030514204248527608
1.338235469609368E+10 -5.907774876365658E+6 1863.7660457772186 0.03170201163707946
1.157089453910639E+10 -5.42961706918408E+6 1821.694113237644 0.032935947017846856
1.000440083013093E+10 -4.9900579085275605E+6 1780.580583786486 0.0342177784944915
8.649774766140606E+9 -4.585990034017153E+6 1740.4044664181265 0.035549337298196454
7.478389150012645E+9 -4.214556596287711E+6 1701.1453198814654 0.03693251970292631
6.465483698452227E+9 -3.8731308755257335E+6 1662.783225762927 0.03836928927989812
5.589642037926988E+9 -3.5592974907709975E+6 1625.298751180479 0.03986167972546359
4.832339493970164E+9 -3.270835117190942E+6 1588.6729043352343 0.041411798308212754
4.1775520526507826E+9 -3.005700574125462E+6 1552.8870795567923 0.043021830256856367
3.6114183753764715E+9 -2.7620142381828753E+6 1517.922999099664 0.04469404400311067
3.121947642381019E+9 -2.538046671238894E+6 1483.7626515641186 0.046430797468016254
2.6987670995707827E+9 -2.3322064169791173E+6 1450.3882356923773 0.04823454513435681
2.332903894123072E+9 -2.1430288791562207E+6 1417.7821138014228 0.05010784573336516
2.0165965493018372E+9 -1.9691662168288063E+6 1385.9267829589262 0.0520533700330256
1.7431320062706554E+9 -1.8093781697806364E+6 1354.804868948359 0.05407390817625953
1.5067047127652125E+9 -1.6625237267826134E+6 1324.3991473013307 0.056172375860775024
1.3022947067720442E+9 -1.5275535408978518E+6 1294.692592593218 0.05835181864374009
1.1255620580995314E+9 -1.4035029901896277E+6 1265.6684531249298 0.06061541378584194
9.727554101515146E+8 -1.2894857893761592E+6 1237.3103455514965 0.0629664691804338
8.40632682911362E+8 -1.1846880605435327E+6 1209.6023597066 0.06540841930070539
7.263922914603187E+8 -1.0883627896671018E+6 1182.5291628814234 0.06794481838430277
6.276134773661863E+8 -999824.6118558533 1156.0760919403024 0.0705793314629724
5.422045587962364E+8 -918444.8883390971 1130.2292228991798 0.07331572414311152
4.683580792755923E+8 -843647.0583465165 1104.9754107205636 0.07615785218174623
4.045119736978927E+8 -774902.2620377635 1080.3022951782693 0.07910965199424559
3.493159888622055E+8 -711725.2445181545 1056.198274118557 0.08217513294527189
3.016026832428174E+8 -653670.5486411497 1032.6524471588323 0.08535837223850609
2.603624158425646E+8 -600329.0103029115 1009.6545384670266 0.0886635125392533
2.2472179412693027E+8 -551324.556793449 987.1948062086933 0.09209476240187103
1.9392511570544273E+8 -506311.30658192694 965.263948743326 0.09565639893412312
1.6731838947258407E+8 -464970.9564287832 943.8530150840782 0.09935277207773453
1.4433557464159393E+8 -427010.4372866365 922.953326568433 0.10318830954246529
1.2448672147862576E+8 -392159.8132188098 902.5564134916453 0.10716752152876363
1.0734774134158684E+8 -360170.39577608986 882.653968497011 0.11129500439059585
9.25515729198595E+7 -330813.04667336406 863.2378169237511 0.11557544243465111
7.978054491763921E+7 -303876.6410294899 844.2999013833249 0.12001360751821845
6.875976696201997E+7 -279166.66897737025 825.8322783390653 0.1246143560228509
5.925140513327425E+7 -256503.95503234235 807.8271227155338 0.12938262325706945
5.104972075341155E+7 -235723.47933209373 790.2767371147095 0.13432341542468873
4.3976768990540095E+7 -216673.28790638014 773.1735622063511 0.13944179954673386
3.787866906304048E+7 -199213.4824682927 756.5101856595501 0.14474289179782968
3.262237016043494E+7 -183215.2820860031 740.2793471795806 0.15023184496063877
2.8092847797685098E+7 -168560.1511839856 724.473938091158 0.1559138357510448
2.4190674136443157E+7 -155138.9896837878 709.0869946717754 0.16179405279454998
2.08299130859391E+7 -142851.38135032903 694.1116843886274 0.1678776863216662
1.7936297528129917E+7 -131604.89732726195 679.5412850209863 0.17416992062639405
1.5445651539291093E+7 -121314.4522729317 665.3691572690255 0.18067593029385703
1.3302525012980334E+7 -111901.7096817099 651.5887104932698 0.18740088183336373
1.1459012584045893E+7 -103294.53423123487 638.1933629179027 0.1943499418626901
9.873732162839903E+6 -95426.48810773085 625.1764966328226 0.20152829360864133
8.510941649273695E+6 -88236.3684445156 612.5314079326595 0.20894116366387572
7.339775292898198E+6 -81667.78350911108 600.2512543863693 0.2165938606858089
6.333583425454021E+6 -75668.76433533168 588.3289983992867 0.22449182887605285
5.469361678688748E+6 -70191.40979555581 576.7573491604594 0.23264071809706055
4.727257432233147E+6 -65191.5618761838 565.5287024502231 0.24104647423048103
4.0901430758112273E+6 -60628.50917632026 554.635079909852 0.24971545235088527
3.543246947168961E+6 -56464.71591820709 544.0680676453536 0.25865455677451665
3.073834122385994E+6 -52665.57437130796 533.8187549356937 0.26787141183888824
2.670930267480215E+6 -49199.17847509922 523.8776731590295 0.277374568224692
2.325082708960601E+6 -46036.11673727684 514.2347352896182 0.2871737499944153
2.028153665394051E+6 -43149.28248682934 504.87917580481525 0.297280148639705
1.7731412883038311E+6 -40513.69980745301 495.7994909426032 0.3077067711651128
1.5540247542566035E+6 -38106.36358675217 486.9833789975787 0.3184688504513176
1.3656301605592635E+6 -35906.092196567915 478.4176799233597 0.3295843278355165
1.2035144351086942E+6 -33893.391600070776 470.0883138077222 0.34107441897791413
1.0638648352998497E+6 -32050.32961244344 461.9802168400578 0.3529642770652305
943411.9601541958 -30360.419391166597 454.07727401553524 0.3652837688546607
839354.4665663578 -28808.51115431818 446.362246830219 0.37806838310286883
749293.9367094774 -27380.69138660768 438.81669462473906 0.3913602936957862
671178.5464613229 -26064.18880619161 431.420887649374 0.40520960464803335
603254.3703954685 -24847.286533172206 424.1537101000821 0.41967580863276055
544023.3102355726 -23719.239923413465 416.992550902228 0.4348294972047755
492206.77439731616 -22670.199728043423 409.91318062207233 0.4507543663644583
446714.34543539217 -21691.140207625227 402.8896123317411 0.46754956982252316
406616.7811692543 -20773.792084491797 395.8939456836707 0.48533247782905
371122.77637364937 -19910.580214657206 388.89619365470736 0.5042419078968007
339558.9944407808 -19094.56613996666 381.86409410561777 0.524441896108629
311352.9426116609 -18319.395830155503 374.7629110822836 0.5461260772890506
286018.3242684257 -17579.253211801006 367.5552359546136 0.5695227306086188
263142.55155016447 -16868.82036258197 360.2008055787803 0.5949005202253952
242376.13914990152 -16183.24539615801 352.6563627299481 0.6225749155319549
223423.7232092262 -15518.11886595573 344.8755903900051 0.6529152169417769
206036.44890615018 -14869.458425000685 336.8091474592766 0.6863520751429171
190005.43733936507 -14233.698644410022 328.4048015672984 0.7233854704747138
175155.97538716713 -13607.677422454102 319.60756766525014 0.7645935113595175
161341.99226077984 -12988.602125684205 310.35958998050774 0.810643424675785
148440.3988097223 -12373.97160647183 300.5992794529652 0.8623078846596126
136345.23062843995 -11761.439446497234 290.2591821683932 0.9204912851082532
124962.66141124042 -11148.660974614548 279.2629109271731 0.986267084334671
114209.79498772667 -10533.29473592083 267.5241616855142 1.0609100232838178
104020.62035844053 -9913.433274895218 254.9543430677424 1.1458754281998615
94357.22468256915 -9288.502937926702 241.4829596064497 1.2426745761078375
85214.07158707279 -8659.946827808073 227.07936603061592 1.3526957842694283
76603.16024491604 -8030.66760339869 211.75027458146826 1.4771667851338819
68528.51953694953 -7403.3843428280325 195.50665032526453 1.617377407438017
60973.361283485785 -6779.462381746538 178.3316907166507 1.774971495565215
53906.84373504369 -6159.110128757562 160.17862285588419 1.9520396430947518
47297.39251205497 -5542.3098813144825 140.99182845039147 2.150987401349137
41122.0315182326 -4929.694773247567 120.73405075354782 2.3742801626119516
35369.15742443753 -4323.019300389986 99.40818108873995 2.624162643612979
30035.90710135212 -3725.1451844025737 77.06699220057664 2.9024423614720143
25123.699404515733 -3139.761356824902 53.813752738262 3.2103390041068858
20634.55760843949 -2571.0740465167682 29.799863848394978 3.5483495119097404
16568.760144481104 -2023.5512954054457 5.2223842237990965 3.9160983122846194
12923.582667122613 -1501.7305714820168 -19.677808757869187 4.312160013234685
9692.772789845898 -1010.0757958092552 -44.61731594273495 4.733850902451872
6866.45551708074 -552.8655142303553 -69.27145315936562 5.176992352812834
4431.265238989486 -134.09683519577834 -93.27603959327398 5.635654615704913
2370.5701493479537 242.60804137409923 -116.23052143208758 6.101897793729966
664.709627739838 574.1032380821779 -137.70337224033838 6.565537816684744
-708.7432799052118 857.825693614609 -157.2401255150652 7.013962819212047
-1774.5764846320922 1091.8793327924718 -174.3726079614904 7.4319894388195475
-2559.4073656836495 1275.0890272813635 -188.6286695602813 7.801757521371979
-3091.6289386051285 1407.1611192441433 -199.55334101473863 8.102977975075573
-3402.3299013116953 1489.122147265783 -206.76028157890232 8.31421655007927
-3525.6871719065944 1523.714154656515 -209.99372691901004 8.414963992008738
-3496.660590149278 1515.061425217485 -209.13394343536248 8.386486363688796
-3346.8714256503517 1467.5952932346167 -204.1201546811227 8.209952930817721
-3103.8932003382592 1385.745607706448 -194.92952177227508 7.865957582433547
-2793.9054902569496 1274.7411675736535 -181.6795494578209 7.338766159208262
-2441.7914467746828 1140.7039398878983 -164.6718226164387 6.619406875459528
-2069.976553138152 990.2460081142706 -144.3771458646183 5.706917252157233
-1697.92736202274 830.2036707495242 -121.42897094507671 4.610085124673198
-1341.682284830969 667.3004736052198 -96.59826371675794 3.3484687531780195
-1013.5282730239957 507.7843198044587 -70.75125041623123 1.9524385693174873
-722.039055766271 357.15980504138463 -44.80661495532292 0.46280918581769237
-472.38699268948034 220.02283760837219 -19.69627057583562 -1.0697933566354585
-266.76595756680126 99.95321693066717 3.67473943308131 -2.586147245748494
-104.86552047475809 -0.5453419361555376 24.469330882240968 -4.02038019533233
15.51226399736859 -79.97896544719843 41.94127160553145 -5.301402425571048
97.97251723208919 -137.8217121700004 55.46610414480969 -6.355531108245398
148.0876414407954 -175.19138278859134 64.75466592592149 -7.125115805615898
173.2016338171419 -195.0986860441054 70.01469145230567 -7.588394167717329
178.92648416805937 -199.92268303378756 71.36965827996741 -7.715255434283243
169.72759534061103 -191.68273495551378 68.9093341543675 -7.470383551373795
150.75649140605375 -173.6181526739125 63.175541432298395 -6.8637383036517345
126.50642315733018 -149.0713743424434 54.89316850212467 -5.932214820499677
100.45632357166959 -121.04046810103365 44.83905844481015 -4.73014726247378
75.23619572791725 -92.1921000663991 33.83953267690401 -3.332152905986849
52.62918882930044 -64.70282744345582 22.697557790867897 -1.8267947242229354
33.61649829326283 -40.12689659914995 12.108553642659686 -0.3059705546845781
18.530552687867804 -19.397572118552972 2.613957266630363 1.1436242038275113
7.248734444996917 -2.9183037546592114 -5.409757822641281 2.4458665609551034
-0.6296719559494138 9.314990513197152 -11.741558148232992 3.5382868168384363
-5.647049893452996 17.596854123160718 -16.29833831697093 4.374018422030242
-8.388878623011392 22.407881146699 -19.112273018251308 4.9226350662747675
-9.419240300021514 24.32979265007055 -20.307239766079864 5.170295711403494
-9.264248645431792 24.022467417611644 -20.104113133754762 5.125543524467184
-8.400692457489589 22.202235522205882 -18.82519841679129 4.826017063508365
-7.184706909322936 19.477585357364127 -16.790163671527807 4.319362855460078
-5.832895209825575 16.257667808228426 -14.233626882889 3.642753361383849
-4.491464651319859 12.86107910234792 -11.366832980473259 2.8362081292318173
-3.2667737513963546 9.564621671807426 -8.40918013053254 1.9516514432454155
-2.2227165911005398 6.577234770297619 -5.559885143406302 1.0457893201125774
-1.3855555734856795 4.030859494388442 -2.9781328841515426 0.1732490742151127
-0.7532314089048543 1.9863016321532494 -0.7745074410747561 -0.6184404450805376
-0.3048600742319369 0.4451559929969612 0.9912387142654968 -1.2928001347993667
-0.009472848037147676 -0.6341479614347062 2.3057810310950204 -1.8264840569358523
0.16691280738992612 -1.3192599011031003 3.1928115339245675 -2.2093037916353984
0.25644229147714864 -1.6889268050447237 3.701595953802206 -2.442722565086198
0.2867040218299672 -1.8217532230008664 3.895932244791557 -2.537499378756824
0.2796649855807876 -1.7889096709136667 3.844850492710778 -2.5110168047575763
0.2517052927946602 -1.6502291291767137 3.615564560713736 -2.384654355843702
0.21427561750521829 -1.4528753672856907 3.2687051322758123 -2.1814465697451566
0.174822882345163 -1.231742813160026 2.855555859728465 -1.92414641466954
0.13775056742673655 -1.010855137126241 2.4168514381048865 -1.6337098558298007
0.10528972146542333 -0.8052529030291125 1.9827666464750924 -1.3282177046837746
0.07823157133171708 -0.6230680304686652 1.57387779504643 -1.0223194697883784
0.056503160972517265 -0.46754726648207584 1.2028319671628172 -0.7272356004693654
0.039580895058901736 -0.3387919540962253 0.876281323724469 -0.45116848589357383
0.02675689140674832 -0.2350686148160174 0.5966356581102429 -0.19985346897932488
0.017292197950491067 -0.15369087475698165 0.3634061788981132 0.022959263897010085
0.010495672044301107 -0.09157075785813494 0.1741472851245619 0.21516178304076367
0.00575940517697228 -0.045552765464714484 0.02510897547125862 0.3760583989731716
0.0025705076837639687 -0.012616202477617803 -0.08828624275211612 0.5061921505424559
0.0005107543694323655 0.009998930411474977 -0.17105412115657295 0.6071646826543342
-0.0007493666089452719 0.024706550081728153 -0.2282745732868425 0.6813706660244068
-0.0014589707750116972 0.03351080322251697 -0.2646868329070101 0.7315680963437753
-0.0017973902204260395 0.03797432737528949 -0.2843104569159586 0.7603261364084014
-0.0018880666458238615 0.039245671693000396 -0.2902521570035119 0.7695824276791507
-0.00181594860566589 0.0381707943059052 -0.28491201652105747 0.7607389072569702
-0.001640755387664816 0.03539505602009474 -0.27025253917518066 0.7349319262034558
-0.001413184717748811 0.03156218920111306 -0.24873414219037732 0.6946625551152622
-0.0011565172606867395 0.026966777092495006 -0.22130849619463747 0.6401033526973361
-0.0009462798349194463 0.022965396126090373 -0.19592283269241598 0.5864192274033746
-0.0006491221466083106 0.01695320112385308 -0.1553759107866743 0.4952682209673711
-0.0008160159751928066 0.020542689737338672 -0.18110969338690894 0.5567651488239067
0.00047845049184621686 -0.009053058369875557 0.04444225622036488 -0.016218981501683993
0.00197858012761429 -0.045512794727537144 0.33981947864500694 -0.8138815744820305
-0.002520891858997601 0.07073708191155396 -0.6613375355420426 2.060144033211623
