260
1.204819246672139E-6
1.280761051387921E-6
1.361489597118522E-6
1.447306600285205E-6
1.538532795008032E-6
1.635509131823741E-6
1.738598051960851E-6
1.848184841934483E-6
1.964679073523606E-6
2.088516134512486E-6
2.220158855917374E-6
2.360099241780061E-6
2.508860307993257E-6
2.666998037030256E-6
2.835103455884542E-6
3.013804844985451E-6
3.203770086345548E-6
3.405709159715717E-6
3.620376796077159E-6
3.848575298387487E-6
4.091157540123253E-6
4.349030152825702E-6
4.623156914562943E-6
4.914562351972674E-6
5.22433556934775E-6
5.553634319075546E-6
5.903689328644022E-6
6.275808900386334E-6
6.671383801155162E-6
7.09189246020153E-6
7.538906494684754E-6
8.014096583464674E-6
8.519238711128996E-6
9.056220805592287E-6
9.627049794074111E-6
0.00001023385910382747
0.0000108789166356509
0.00001156463323998458
0.00001229357172726917
0.00001306845644624295
0.00001389218346597519
0.00001476783139969051
0.00001569867291083719
0.00001668818694440255
0.00001774007172918899
0.00001885825859964546
0.00002004692668891255
0.00002131051854799519
0.00002265375674943828
0.00002408166153756026
0.00002559956959121093
0.00002721315396917766
0.00002892844531278464
0.00003075185438492781
0.00003269019602978357
0.00003475071464273865
0.00003694111124573289
0.00003926957226920692
0.00004174480014822497
0.00004437604584712319
0.0000471731434342419
0.00005014654683596199
0.00005330736890741064
0.00005666742296586009
0.00006023926694204704
0.0000640362503144248
0.00006807256400176111
0.00007236329340055125
0.00007692447476546926
0.00008177315514357505
0.00008692745608627621
0.00009240664137716334
0.00009823118902884565
0.0001044228678178696
0.0001110048186437635
0.0001180016410162812
0.0001254394849940831
0.0001333461489184694
0.0001417511833074359
0.0001506860012983488
0.0001601839960520094
0.0001702806655568962
0.0001810137453000306
0.0001924233493003127
0.0002045521200314277
0.0002174453877946485
0.0002311513401371764
0.0002457212019492078
0.0002612094269128251
0.0002776739010182368
0.0002951761589079919
0.0003137816138577379
0.0003335598022530564
0.0003545846434760898
0.0003769347161732636
0.0004006935519366321
0.0004259499474964594
0.000452798296591829
0.0004813389427596212
0.0005116785543603805
0.0005439305232427001
0.0005782153885361004
0.0006146612871562922
0.0006534044327065531
0.0006945896245650714
0.0007383707890609298
0.0007849115547613319
0.0008343858640201602
0.0008869786230734784
0.0009428863931116586
0.001002318124910959
0.001065495939770179
0.001132655959671077
0.001204049189765213
0.001279942456485434
0.001360619404788125
0.001446381558253326
0.001537549446004768
0.001634463800661594
0.001737486831799006
0.001847003579677312
0.001963423354298803
0.002087181265170841
0.002218739847492506
0.00235859079084256
0.002507256776829543
0.002665293432572082
0.002833291407310384
0.003011878579910076
0.003201722405508772
0.003403532410075753
0.003618062842207988
0.003846115492073363
0.004088542688036694
0.004346250482168169
0.004620202036539798
0.004911421222965897
0.005220996449641305
0.00555008472897915
0.005899916001851299
0.006271797734393072
0.006667119804552343
0.007087359696646147
0.007534088023339014
0.00800897439568099
0.008513793663144116
0.009050432546979027
0.009620896691683277
0.01022731816093571
0.01087196340601229
0.01155724173646479
0.01228571432472062
0.01306010377825806
0.0138833043151318
0.01475839258087928
0.01568863914723495
0.01667752073562803
0.01772873321114812
0.01884620539554258
0.02003411375087058
0.02129689798869277
0.02263927766313479
0.02406626980983977
0.02558320769673387
0.02719576075668457
0.02890995577654823
0.03073219942179933
0.03266930218092537
0.03472850381907768
0.03691750043610913
0.03924447323012585
0.04171811907405464
0.04434768301950325
0.04714299284939426
0.0501144958085103
0.05327329764922775
0.05663120413836961
0.0602007651803057
0.06399532172120691
0.0680290556097543
0.07231704260065346
0.07687530869905036
0.08172089005643171
0.08687189664186538
0.09234757992654768
0.09816840483462236
0.104356126229182
0.110933870219313
0.117926220592061
0.125359310692347
0.133260921094238
0.141660583428598
0.150589690755172
0.160081614891616
0.170171831137966
0.18089805086271
0.192300362445985
0.204421381106654
0.217306408173255
0.23100360039405
0.245564149918987
0.261042475626229
0.277496426508311
0.294987497878087
0.313581061202487
0.333346608423105
0.354358011676712
0.376693799386409
0.400437449755262
0.425677702759351
0.452508891806259
0.481031296298571
0.511351516420043
0.543582871545181
0.57784582376125
0.614268428085605
0.652986811060974
0.694145679517421
0.737898861402439
0.784409880700482
0.833852568590657
0.886411713126714
0.942283749867483
1.00167749603891
1.06481493097157
1.13193202573051
1.20327962503804
1.27912438478563
1.35974976863876
1.44545710745952
1.53656672550632
1.63341913761999
1.73637632187047
1.84582307242067
1.96216843766349
2.08584724900726
2.21732174602297
2.35708330402733
2.50565427055836
2.66358991760716
2.83148051690209
3.00995354600172
3.19967603344157
3.40135705169933
3.61575036729607
3.84365725793768
4.08592950722565
4.34347258812949
4.61724904711881
4.90828210160308
5.21765946412403
5.5465374075935
5.89614508677001
6.26778913212552
6.66285853327122
7.08282983019412
7.52927263170598
8.00385548172953
8.50835209534667
9.04464798791533

# Bi Atomic 6s knots produced by FHI-AIMS
