260
1.219512164314482E-6
1.296380088599969E-6
1.3780931287907E-6
1.464956680776489E-6
1.557295390069106E-6
1.655454365138665E-6
1.759800467228666E-6
1.87072368147027E-6
1.988638574420236E-6
2.113985843469955E-6
2.247233963916366E-6
2.38888093985055E-6
2.539456165407809E-6
2.699522403335504E-6
2.869677888273379E-6
3.050558562607227E-6
3.242840453252203E-6
3.447242198248838E-6
3.664527732614688E-6
3.895509143489777E-6
4.141049705246712E-6
4.402067105908946E-6
4.679536876935666E-6
4.974496039191856E-6
5.288046978730043E-6
5.621361566869155E-6
5.975685539968954E-6
6.3523431552691E-6
6.752742140193646E-6
7.178378953618629E-6
7.630844378766283E-6
8.111829468628886E-6
8.623131866142773E-6
9.166662522733665E-6
9.744452840343318E-6
0.00001035866226363026
0.00001101158635071983
0.00001170566535266733
0.00001244349333369929
0.00001322782786631909
0.00001406160033751148
0.00001494792690456479
0.00001589012014145716
0.0000168917014193343
0.00001795641406734984
0.00001908823736305578
0.00002029140140463101
0.00002157040292053174
0.00002293002207565096
0.00002437534033679884
0.00002591175946427451
0.00002754502170050913
0.00002928123123123327
0.00003112687699937818
0.00003308885695697609
0.00003517450384569892
0.00003739161260238821
0.00003974846949200218
0.00004225388307686191
0.00004491721713794181
0.0000477484256712449
0.00005075809009005914
0.00005395745877213523
0.00005735848909959016
0.00006097389214865744
0.0000648171801963081
0.00006890271722129485
0.00007324577258836291
0.0000778625781162677
0.00008277038874288694
0.00008798754701415764
0.00009353355163786047
0.00009942913035846573
0.0001056963174254046
0.0001123585359442972
0.0001194406854189188
0.0001269692348110841
0.0001349723214662557
0.0001434798562745998
0.0001525236354605238
0.0001621374594184973
0.0001723572590392974
0.0001832212299988115
0.0001947699755112921
0.0002070466580805914
0.0002200971608165344
0.0002339702589193371
0.0002487178019729786
0.000264394907728835
0.0002810601681038249
0.0002987758681629673
0.0003176082189047833
0.0003376276047195569
0.0003589088464453103
0.0003815314810046447
0.0004055800586675665
0.0004311444590512942
0.0004583202270380706
0.0004872089298664455
0.0005179185367306288
0.0005505638223066353
0.0005852667957133697
0.0006221571565118566
0.0006613727794468766
0.0007030602297426938
0.0007473753108787456
0.0007944836468925673
0.0008445613013862593
0.0008977954355499837
0.0009543850076618002
0.001014541516678165
0.001078489792694205
0.00114646883722804
0.001218732716469665
0.001295551510832817
0.001377212324358711
0.001464020357744219
0.001556300049004825
0.001654396286035514
0.001758675695601432
0.001869528013575814
0.001987367541546348
0.002112634695233897
0.002245797650510704
0.002387354093169905
0.002537833078985998
0.00269779701101808
0.002867843741545873
0.003048608806494342
0.0032407678006979
0.003445038902881552
0.003662185559795887
0.003893019339537669
0.004138402964720064
0.00439925353682875
0.004676545963814668
0.004971316603733766
0.005284667138051559
0.005617768689088644
0.005971866196995819
0.006348283072617369
0.006748426143632241
0.007173790912458895
0.007625967145574846
0.008106644815140505
0.00861762041513367
0.009160803675600713
0.009738224700118427
0.01035204155314223
0.0110045483255978
0.01169818370886069
0.01243554010916842
0.01321937333652948
0.0140526129043407
0.01493837297820706
0.01587996401488414
0.01688090513484298
0.01794493727469868
0.01907603716865893
0.02027843221124702
0.02155661625684752
0.02291536641512421
0.02435976090508168
0.02589519803449888
0.02752741637566848
0.02926251621284755
0.03110698234157732
0.03306770830508294
0.03515202215833467
0.03736771385606163
0.03972306436707856
0.04222687662373818
0.04488850842218006
0.04771790739633804
0.05072564819641891
0.05392297201080364
0.05732182857908137
0.06093492085323619
0.06477575247390446
0.06885867823914145
0.07319895775431984
0.0778128124636728
0.08271748627663197
0.08793131001554655
0.0934737699256518
0.09936558050333714
0.105628761914904
0.112286722295159
0.119364345233427
0.12688808277396
0.134886054278314
0.14338815151919
0.152426150398528
0.162033829707367
0.172247097371355
0.183104124653719
0.194645488817277
0.206914324778686
0.219956486321709
0.233820717472026
0.248558834674097
0.264225920450939
0.280880529270608
0.298584906388795
0.317405220485444
0.33741181096485
0.358679450843501
0.381287626208194
0.405320833288863
0.430868894256416
0.458027292925847
0.486897531619285
0.517587510522726
0.550211930954268
0.584892724051021
0.621759506476892
0.6609500648544
0.702610870731047
0.746897628004906
0.793975854855365
0.844021502353956
0.897221612067283
0.953775015109768
1.01389307525889
1.07780047891024
1.14573607482478
1.2179537668068
1.29472346264887
1.37633208289045
1.46308463316024
1.55530534411005
1.65333888320071
1.75755164286889
1.86833310988921
1.98609732104963
2.11128441058052
2.24436225512081
2.38582822236912
2.53621102995541
2.69607272148041
2.86601076710821
3.04666029656272
3.23869647287378
3.44283701574444
3.6598448839704
3.89053112693691
4.13575791585035
4.3964417660335
4.67355696232757
4.96813920040311
5.28128945758895
5.61417810768609
5.96804929514524
6.3442255849563
6.74411290562817
7.16920580373305
7.62109302965359
8.10146347540914
8.61211248675332
9.15494857313379

# spline 6s atomic function knot for Pb // produced by FHI-AIMS
