259
1.0282606791676582e+21 -3.89068497031589e+15 4.879070572493822e+9 -1872.9162308320638
-2.5903919741671014e+20 1.0554856598413196e+15 -1.4557921241303813e+9 831.5655717434477
5.689093948649087e+19 -2.349211245884964e+14 3.0108328892197645e+8 34.24303897541736
-1.9165423789060084e+19 9.530950509868611e+13 -1.7686168104062247e+8 264.8206755087454
3.546536534943862e+17 5.212667179286419e+12 -3.824474117510297e+7 193.73177286649286
-3.645156456568126e+18 2.4837845060990902e+13 -7.034189881429599e+7 211.23017100798836
-2.0349544113104333e+18 1.6439362643545695e+13 -5.5740313643898286e+7 202.76807516372372
-1.9080687408122765e+18 1.5735838124925535e+13 -5.4440070292655244e+7 201.96704514619256
-1.511282930563285e+18 1.3397167790723629e+13 -4.984533362717806e+7 198.9579841545207
-1.2565261063042975e+18 1.1800976577197457e+13 -4.651166252396144e+7 196.6371755257785
-1.0296165130745093e+18 1.0289650548492287e+13 -4.315627865715316e+7 194.15401379014617
-8.473295549292891e+17 8.999004613377504e+12 -4.011022616428237e+7 191.75768506386416
-6.964203882414724e+17 7.863174558131299e+12 -3.7260587222049184e+7 189.37456971910362
-5.7260581196701306e+17 6.87253486249215e+12 -3.4618553098375306e+7 187.02580311190184
-4.707501375078992e+17 6.006220738510697e+12 -3.216246293159394e+7 184.70471320529995
-3.8702541474766086e+17 5.249230813211087e+12 -2.9881043027120866e+7 182.41279508478436
-3.181880910550888e+17 4.587613937800043e+12 -2.7761374673057433e+7 180.14915172954352
-2.615950094263808e+17 4.0093952083617524e+12 -2.5792129849890277e+7 177.91359335221583
-2.1506733673932346e+17 3.5040520886466665e+12 -2.3962597345216602e+7 175.7057276763528
-1.7681514948010928e+17 3.0624028196613535e+12 -2.2262876878048792e+7 173.52522694165083
-1.4536652075531843e+17 2.6764189360594595e+12 -2.0683756002284773e+7 171.37174951576796
-1.1951139425876635e+17 2.339084761843576e+12 -1.92166795070413e+7 169.2449628776626
-9.825490732330333e+16 2.0442685381785679e+12 -1.785369784407907e+7 167.14453684448046
-8.077914468407134e+16 1.7866113627622275e+12 -1.6587425590062253e+7 165.07014552883408
-6.641166210921906e+16 1.561429711988873e+12 -1.5411001082362551e+7 163.021466728758
-5.459961560362753e+16 1.3646303514329648e+12 -1.4318049399607122e+7 160.99818207061065
-4.488848966597143e+16 1.1926359397311892e+12 -1.3302647826656934e+7 158.99997692710582
-3.69046091251154e+16 1.0423200140574127e+12 -1.2359293802443583e+7 157.02654039998112
-3.0340761109131452e+16 9.109501660761733e+11 -1.1482875126661299e+7 155.07756528109974
-2.4944374195101936e+16 7.96138379072365e+11 -1.0668642280066738e+7 153.152748019229
-2.0507799923387656e+16 6.957976232988308e+11 -9.912182704684058e+6 151.25178868395597
-1.686032278556409e+16 6.081039210933386e+11 -9.209396905447613e+6 149.374390926433
-1.386159129887727e+16 5.314631929963474e+11 -8.55647624779463e+6 147.5202619457754
-1.1396217397113642e+16 4.6448228172819946e+11 -7.949882325590496e+6 145.68911244617175
-9.369336381061528e+15 4.059436283236077e+11 -7.386327794386445e+6 143.8806566016459
-7.702956566454253e+15 3.547831396151487e+11 -6.862758561261129e+6 142.09461201401146
-6.332958192550098e+15 3.1007084531310693e+11 -6.376337238960512e+6 140.33069967564086
-5.206626105201358e+15 2.709939928232636e+11 -5.924427771742485e+6 138.58864392695637
-4.280621286835184e+15 2.3684227286011932e+11 -5.504581152765977e+6 136.86817241867675
-3.5193131729562245e+15 2.069949070749237e+11 -5.114522152967083e+6 135.16901606856462
-2.893408592561517e+15 1.8090936328581122e+11 -4.752136992839004e+6 133.4909090252826
-2.378824565927259e+15 1.581114928468855e+11 -4.415461885924951e+6 131.833588620156
-1.9557615981584355e+15 1.3818691139181302e+11 -4.10267239877643e+6 130.1967953372582
-1.607941794129755e+15 1.2077346565402478e+11 -3.812073560958028e+6 128.58027276014522
-1.3219824923677822e+15 1.0555465007936621e+11 -3.5420906810302967e+6 126.98376754162169
-1.0868813037101548e+15 9.22538530409975e+10 -3.2912608108993424e+6 125.40702935647337
-8.935927455733946e+14 8.062932837667776e+10 -3.058224817160271e+6 123.84981086235169
-7.346801780697801e+14 7.046980072479181e+10 -2.8417200146958875e+6 122.3118676594693
-6.040296485514905e+14 6.159062478011389e+10 -2.6405733227096912e+6 120.79295824906616
-4.966146333654543e+14 5.383042866082784e+10 -2.4536949062999454e+6 119.29284399151442
-4.083026242375732e+14 4.7048180390601295e+10 -2.2800722697213967e+6 117.8112890689468
-3.356961156882225e+14 4.112062410164761e+10 -2.1187647677691285e+6 116.34806043994323
-2.7600187581073097e+14 3.594003944029483e+10 -1.9688985077049334e+6 114.90292780377702
-2.2692346880021478e+14 3.1412283362799988e+10 -1.8296616121193375e+6 113.47566355775774
-1.8657289413177828e+14 2.7455078775323162e+10 -1.700299818424757e+6 112.06604275954425
-1.5339794187878478e+14 2.399651887823239e+10 -1.5801123903661373e+6 110.67384308750766
-1.2612246899839962e+14 2.0973760044369556e+10 -1.4684483200153813e+6 109.29884480584795
-1.0369729818615284e+14 1.8331879446787052e+10 -1.364702798961996e+6 107.94083072697705
-8.52598500870732e+13 1.6022876688369003e+10 -1.2683139402701403e+6 106.59958617944154
-7.010095541822584e+13 1.4004801273919558e+10 -1.178759733155581e+6 105.2748989792021
-5.763756988967408e+13 1.2240990054275675e+10 -1.0955552135003929e+6 103.96655939917824
-4.739034219533376e+13 1.0699400803736666e+10 -1.0182498359464193e+6 102.6743601537841
-3.896517164755712e+13 9.352029780242123e+9 -946425.031741837 101.39809637563857
-3.2038046076366324e+13 8.174402716201242e+9 -879691.94080779 100.13756561237903
-2.634257636321255e+13 7.145129954968199e+9 -817689.3041877006 98.89256781955648
-2.1659748100685824e+13 6.245517666572326e+9 -760081.5065020492 97.66290536866941
-1.780949596420553e+13 5.459228061621909e+9 -706556.7570451394 96.44838305764137
-1.4643776644469635e+13 4.771982433748383e+9 -656825.4000370777 95.2488081315139
-1.2040873773990828e+13 4.171301625217039e+9 -610618.3443391079 94.06399030150557
-9.900715755743584e+12 3.646279204243345e+9 -567685.6044549702 92.89374176841076
-8.141026317560259e+12 3.18738322515385e+9 -527794.9443845006 91.73787723456807
-6.694159700821462e+12 2.786282971433135e+9 -490730.61708264076 90.59621390094512
-5.504498717739505e+12 2.435697532705037e+9 -456292.1925801807 89.46857143855955
-4.526315565999175e+12 2.1292634628374941e+9 -424293.46820751013 88.35477191672359
-3.7220131085478857e+12 1.8614191175651531e+9 -394561.45523579605 87.25463968077719
-3.060678951502256e+12 1.6273035701906433e+9 -366935.4364581789 86.16800116394204
-2.5168966893230254e+12 1.4226682694406028e+9 -341266.08972048457 85.09468461897174
-2.0697685890241846e+12 1.243799838696358e+9 -317414.6733176497 84.03451977778212
-1.7021121002635027e+12 1.087452611698907e+9 -295252.26888392324 82.98733742664243
-1.399799282272934e+12 9.50789682646204e+8 -274659.07857925096 81.95296892631337
-1.1512137220621343e+12 8.313313974600242e+8 -255523.7730966088 80.93124569368494
-9.46804044446349e+11 7.269103496079648e+8 -237742.88757021073 79.92199868647614
-7.787168281897797e+11 6.356320599529912e+8 -221220.26249518304 78.92505793746983
-6.404947987662526e+11 5.558406224067069e+8 -205866.52683703904 77.94025219093245
-5.2682868061854974e+11 4.8608868607814085e+8 -191598.62038473308 76.9674086865226
-4.333531608862715e+11 4.2511122416566616e+8 -178339.3525324416 76.00635313985107
-3.564791143258814e+11 3.7180260751306057e+8 -166016.99435233316 75.05690993752366
-2.9325563902309076e+11 3.2519656248463726e+8 -154564.90094985027 74.1189025522928
-2.4125660159836234e+11 2.844486461874417e+8 -143921.16108596855 73.1921541556083
-1.9848733579629138e+11 2.4882091955060095e+8 -134028.27124630587 72.27648838423409
-1.633079141296025e+11 2.1766853987006754e+8 -124832.83147136305 71.3717301868217
-1.3437005103497891e+11 1.9042803171979174e+8 -116285.26086166492 70.47770668666374
-1.1056521799575656e+11 1.6660702551610166e+8 -108339.53074289332 69.59424796427254
-9.098198240419574e+10 1.4577528168507603e+8 -100952.91428358381 68.72118770969958
-7.487093328703735e+10 1.275568405063872e+8 -94085.75132877564 67.85836366993757
-6.161584810963106e+10 1.1162315902351461e+8 -87701.22789997634 67.00561787990145
-5.070999215486682e+10 9.768711270950729e+7 -81765.16970421639 66.16279665429475
-4.173663858939492e+10 8.549775508202162e+7 -76245.8493339424 65.3297503669599
-3.4353058318847137e+10 7.483574091840282e+7 -71113.80670873828 64.50633304315564
-2.8277361896471333e+10 6.550933023200145e+7 -66341.68237134916 63.692401815761194
-2.327768515664095e+10 5.735089987658056e+7 -61904.06307928589 62.88781628793321
-1.9163300693942276e+10 5.021389864452194e+7 -57777.339138908545 62.09243785907773
-1.5777311558483803e+10 4.397018932362756e+7 -53939.572731097905 61.306129045734394
-1.2990644951759424e+10 3.8507728383700445e+7 -50370.37653946318 60.52875284146326
-1.0697114000286203e+10 3.372853997616398e+7 -47050.8018577467 59.76017213083354
-8.809357202796066e+9 2.95469465478102e+7 -43963.23541852122 59.00024917483061
-7.255499169671027e+9 2.5888023173834518e+7 -41091.304184301385 58.24884517142422
-5.976404235834285e+9 2.2686246979234982e+7 -38419.78738777114 57.505819887918406
-4.923417480366448e+9 1.9884316751796566e+7 -35934.53517268981 56.77103135867733
-4.056506510179149e+9 1.7432121078310072e+7 -33622.393238912264 56.04433563591017
-3.342732821839352e+9 1.52858361635875e+7 -31471.1329676627 55.32558658215197
-2.754994233500652e+9 1.3407136925024075e+7 -29469.386556923862 54.61463569112125
-2.2709902895739107e+9 1.1762507070245288e+7 -27606.586750455688 53.911331923631145
-1.8723710915561762e+9 1.032263570305095e+7 -25872.9107974192 53.215521548108136
-1.5440370291292486e+9 9.06188958381926e+6 -24259.228312565276 52.527047973557615
-1.273562660415721e+9 7.9578515601109285e+6 -22757.052753883778 51.84575156871078
-1.0507227306206344e+9 6.990916865416693e+6 -21358.496243442783 51.17146945375184
-8.671022256699412e+8 6.1439400484305285e+6 -20056.227507706826 50.504035262691794
-7.157755621685369e+8 5.401926187726699e+6 -18843.4327127973 49.84327886605502
-5.910426569640538e+8 4.751760846872229e+6 -17713.778994570555 49.18902604608444
-4.8821179257932526e+8 4.181973923012512e+6 -16661.38050654837 48.54109812120984
-4.0342098001502335e+8 3.6825331381563437e+6 -15680.766805472484 47.899311507130626
-3.334909932238596e+8 3.24466346324386e+6 -14766.853423408727 47.26347721078654
-2.7580445803059e+8 2.8606892203526013e+6 -13914.914470295138 46.633400243151826
-2.282063753762588e+8 2.5238960221217955e+6 -13120.557134529563 46.008878944226886
-1.8892227700868937e+8 2.228410056560615e+6 -12379.697944918269 45.389704202950426
-1.5649088671944743e+8 1.96909254191932e+6 -11688.540676193876 44.77565855988184
-1.2970871445851558e+8 1.7414474463113053e+6 -11043.555782891344 44.16651517453549
-1.0758446697575554e+8 1.5415408050414422e+6 -10441.461252068893 43.562036634380476
-8.930153433449495e+7 1.3659301798136472e+6 -9879.204778631662 42.9619735848317
-7.418712014448841e+7 1.2116029841486588e+6 -9353.947166429763 42.3660631492423
-6.168683761638344e+7 1.0759225609525437e+6 -8863.04686884884 41.77402710727349
-5.134380245928254e+7 956581.0376941881 -8404.045587397233 41.185569794115956
-4.2781425523925304e+7 851558.1068603816 -7974.6548514604765 40.60037567620761
-3.56892495176153e+7 759084.9866992424 -7572.743508372522 40.01810655331262
-2.9811290414803807e+7 677612.9108467204 -7196.326057597576 39.43839832909279
-2.4936439858604006e+7 605785.5774052001 -6843.551767743841 38.86085728439132
-2.0890563516239893e+7 542415.0593476878 -6512.6945179536315 38.28505577556037
-1.7529995115060754e+7 486460.741255465 -6202.143311589543 37.71052727289124
-1.4736179084518988e+7 437010.90154099895 -5910.393410969184 37.13676063715505
-1.2411258552429818e+7 393266.6075635965 -5636.038047109089 36.56319352066295
-1.047444145493055e+7 354527.6326779977 -5377.760660441254 35.98920476075588
-8.859007152631016e+6 320180.1407779055 -5134.327630667662 35.41410561273928
-7.5098403323132675e+6 289685.9160305785 -4904.581457217813 34.83712964814044
-6.381399024528776e+6 262572.9434073542 -4687.434353687607 34.25742111738385
-5.436040075371525e+6 238427.17031515943 -4481.862223743564 33.67402155163831
-4.642638996775349e+6 216885.3014815541 -4286.898992929145 33.085854361762614
-3.9754523025215813e+6 197628.4987031106 -4101.631282785618 32.491707195230745
-3.413179648399971e+6 180376.8747224242 -3925.193435542309 31.890211862101438
-2.938190683689715e+6 164884.6867946555 -3756.762935312545 31.279821783783337
-2.535887754740309e+6 150936.15019118722 -3595.5563259163314 30.65878719901402
-2.194180713880984e+6 138341.8049309573 -3440.825797942247 30.025128844346415
-1.9030542048198641e+6 126935.37766813666 -3291.8566741506575 29.376611438854972
-1.654211035381395e+6 116571.08132396813 -3147.965993992357 28.71071873860531
-1.4407776315380388e+6 107121.27943258734 -3008.502107867823 28.02463114451166
-1.2570592049645933e+6 98474.40313496164 -2872.8443858835944 27.315202795262827
-1.0983336021429398e+6 90532.95453796208 -2740.40071223621 26.57892542407716
-960675.3093976702 83211.43309881305 -2610.5994119418356 25.811854549617465
-840807.307414918 76434.26214165229 -2482.875456082478 25.00948391426524
-735988.1030164519 70134.38254906842 -2356.6629517078645 24.166632024457492
-643942.4269414186 64253.52042805769 -2231.4188310311315 23.277528270545524
-562819.933964968 58743.85649839899 -2106.68401949703 22.336226259685745
-491137.6190836282 53568.47870681435 -1982.131981196901 21.337058606653617
-427686.09838009725 48698.59840831822 -1857.5448220622425 20.274612217157614
-371439.14104166016 44109.56202311548 -1732.7424864265486 19.143247396549693
-321506.1425904811 39778.87969207337 -1607.5426517538426 17.93674016867668
-277118.32577081723 35686.473976872745 -1481.7740231993857 16.648357977429416
-237624.04491295232 31815.722189580967 -1355.319263392994 15.271295057318964
-202480.69221683653 28154.294014614214 -1228.163341035382 13.799316745580741
-171239.4757466288 24694.251146623792 -1100.4272069473893 12.227417150280615
-143526.54881750644 21431.513489628665 -972.3827863105201 10.55240520429708
-119025.34195443493 18365.08069351368 -844.456977789609 8.77346383345706
-97462.02064649457 15496.23067887696 -717.2301267100025 6.892725145707745
-78594.22111830478 12827.777064153193 -591.4312370321397 4.915879760192675
-62202.62596554844 10363.407484420379 -467.9305980579991 2.852822342120028
-48084.80070480082 8107.098162593596 -347.7295599675936 0.7183204488079094
-36050.764030657876 6062.592200087549 -231.94672544279973 -1.467319997089647
-25919.83898931208 4232.923881667538 -121.79929264775188 -3.6776399093923704
-17518.41682371223 2619.9687384578137 -18.577709336170273 -5.879539386924714
-10678.457201694448 1224.0207579736489 76.38731345651118 -8.032999659106348
-5236.825557974816 43.45263578583945 161.76250864174042 -10.09102686818946
-1035.4080121363925 -925.5031766439665 236.25128583802092 -11.99980944871574
2079.233531314144 -1689.0970140565148 298.65285387298053 -13.699646675627033
4257.9262108385265 -2256.898509866607 347.97884673009145 -15.127994193373809
5650.047226339188 -2642.5755301057297 383.5951861824566 -16.224355111463254
6399.444358531304 -2863.2768932705517 405.26108694917383 -16.933324083987877
6636.597707387018 -2937.522107697132 413.00902991778673 -17.20283918880424
6476.866685233205 -2884.3633662523043 407.11192499332424 -16.984776298017575
6024.881679811316 -2724.460715891247 388.2552097735911 -16.243542578469597
5374.76776479651 -2479.96721911797 357.6056735493315 -14.962807667098499
4608.408015170965 -2173.5898007440205 316.7775365743443 -13.149209287148992
3794.7935323929873 -1827.8184937951648 267.79537149910044 -10.83626192643068
2989.502276922607 -1464.0128104077785 213.00998614281994 -8.086223846862278
2234.646542829677 -1101.497235636401 154.9779075100555 -4.989600892512219
1559.637243985464 -756.8945303779783 96.33623414113293 -1.663213913117537
982.5457506727453 -443.71035144881387 39.68182661180889 1.7530100518279177
511.7226614827254 -172.09199935127643 -12.550480943528733 5.101107276588445
147.5622230433756 51.234539959253155 -58.203200547156655 8.211904607471258
-115.49695948108977 222.72787823340596 -95.46980191315379 10.91132837002771
-287.52424094897117 341.94464238864964 -123.00930366034342 13.031903055580722
-383.61733406664916 412.73569856223565 -140.3930491914773 14.45484462016768
-421.77355484535985 442.6168815600824 -148.19330717587562 15.133577505091214
-416.0006337744144 437.81098665697675 -146.8596885140893 15.010219367434383
-378.6475760678515 404.7549315641124 -137.10856553252503 14.051399577489997
-322.56473291365165 351.9953791494725 -120.56416909777406 12.322063113835377
-258.30825712317915 287.7363443275465 -99.1436377793428 9.941909291962055
-193.80226968117458 219.16170397397136 -74.84366457220429 7.0716125621357335
-134.65245573941186 152.317599533806 -49.66390490405649 3.909926116458647
-84.24907480663435 91.76739557451273 -25.41733564843612 0.6735146637803258
-44.056907174454565 40.44066681475761 -3.5686916598312486 -2.4266455300450818
-14.097132696596505 -0.23052622846536153 14.835384832596011 -5.202648282813709
6.546670421741236 -30.02147235210482 29.16576226441119 -7.500434960304989
19.30438010300135 -49.59249492678188 39.1734343358632 -9.206247723495487
25.805828319207475 -60.194722598484745 44.93662369842322 -10.250504731148496
27.660088779070662 -63.40915258717742 46.794068643162205 -10.608276999209783
26.329567933241407 -60.95726174166942 45.28794950765452 -10.299889854583798
23.106409461598087 -54.64322182584182 41.16496471810655 -9.40247162465719
19.04427587271218 -46.18408438479858 35.293091010962335 -8.043826369828489
14.827682074348814 -36.84982509637183 28.405351709997106 -6.349674707222131
10.849013297169822 -27.487103793810718 21.061140610023276 -4.429384122965589
7.360795688487894 -18.76112615540296 13.784961742772332 -2.406963976971503
4.503983379962338 -11.1641904779581 7.05094897441498 -0.417261378899235
2.3152364478716363 -4.976928477913972 1.2207925356008191 1.4139591782607173
0.7542862292714071 -0.28622235868737134 -3.477782224560476 2.9827780451640473
-0.26690289685505614 2.9759099278484316 -6.951349390068227 4.215680105685797
-0.8584423986415228 4.984657447518748 -9.225115039189784 5.073596158101335
-1.132355484895495 5.973439554680823 -10.41489640234009 5.550809382277584
-1.1893228730824161 6.192044680783143 -10.694519549776704 5.670033644423142
-1.1119594103266668 5.876459829033472 -10.265403120624192 5.475536656003403
-0.9630138746159466 5.230576679381194 -9.331806731370964 5.025712143888528
-0.7866802918397194 4.417731731731398 -8.082816231816365 4.385993063192157
-0.6115503992078676 3.559550177148796 -6.6810460570086665 3.6227669865002206
-0.45412882266748184 2.739520882980059 -5.257166607373919 2.798636799318976
-0.32216644496863095 2.008783278635969 -3.9083542773901914 1.9687471596358281
-0.2174703845869647 1.3924893629501198 -2.6990818077073735 1.1778150687868267
-0.13820029016611837 0.8964534378213155 -1.6644266378686865 0.4584375222271053
-0.08069555330167365 0.5139339271747294 -0.8162578086339463 -0.16845020755990547
-0.040760560185983105 0.23154361061640777 -0.1506403082553337 -0.6914221732301832
-0.014394612724452879 0.03335176405350611 0.3459599384748482 -1.1061916828901222
0.0018899197578535441 -0.09677418554494696 0.6925621058443452 -1.4139270290321826
0.010975714042199998 -0.173952934035069 0.9110922285130121 -1.6201816239297002
0.015151575013702973 -0.21166037665142573 1.0245898791267714 -1.734055842572283
0.016167478042873475 -0.22141205837563838 1.0557921014254845 -1.7673348435320524
0.015308478909912238 -0.2126467701007344 1.0259782263414627 -1.7335322987802122
0.013474705333912743 -0.19275536765786042 0.954055880652607 -1.6468478828331206
0.011260603292526752 -0.1672246195142967 0.8559244352500194 -1.521120002048597
0.009030402991325426 -0.13988729586119064 0.7442260578872155 -1.3689894367232949
0.006987052063564547 -0.1132615796332156 0.6285779893116916 -1.2015513648139924
0.005229008355921987 -0.08890960273149812 0.5161388471667772 -1.0284981908381714
0.003789960319975675 -0.06771984157695106 0.41213352175466955 -0.8583356984409543
0.002663032760117272 -0.050080068832718885 0.3200951945507295 -0.6982608154416934
0.0018163681980220624 -0.03599189883668433 0.24195463266318742 -0.5537909655884845
0.0012043787829911588 -0.025166763688915187 0.17812806524804708 -0.4283473982984263
0.0007790551236479348 -0.017169246659913238 0.12800131492967992 -0.32361943134034915
0.0004906453980182044 -0.011404347055441858 0.08959060440657587 -0.23831105454772436
0.0003127478863118992 -0.007624293647549679 0.06281712936943021 -0.17510039866404004
0.00017076514369486617 -0.004417213313066736 0.03867014717932532 -0.11449732794995725
-0.00009012925957024403 0.0018472699861112848 -0.011469871815003781 0.01927382734397067
0.0001107286765281901 -0.003279640138299074 0.03215168468467715 -0.1044420265381438

# Bi Atomic 6p radial function produced by FHI-AIMS
# Order: a x^3 + b x^2 + c x^1 + d
