178
1.99999994947575E-6
2.178686218118276E-6
2.373336878464791E-6
2.585378239343693E-6
2.816364040487838E-6
3.067986837611244E-6
3.34209040466425E-6
3.640683244145061E-6
3.965953304464897E-6
4.320284012208708E-6
4.706271736768345E-6
5.126744815320845E-6
5.584784277557944E-6
6.083746422027924E-6
6.627287409518668E-6
7.219390053690679E-6
7.864393005269298E-6
8.56702254364419E-6
9.332427208830028E-6
0.0000101662155275552
0.00001107449710991759
0.00001206392741774451
0.00001314175653269828
0.00001431588228147738
0.00001559490810738971
0.00001698820611235365
0.0000185059857312693
0.00002015936854197343
0.00002196046975895044
0.00002392248700794711
0.00002605979703198979
0.00002838806103742059
0.00003092433945187885
0.00003368721693512055
0.0000366969385586965
0.00003997555815235015
0.00004354709990414775
0.00004743773439847117
0.00005167597038179701
0.00005629286366143204
0.00006132224466791674
0.00006680096634856792
0.00007276917420860779
0.00007927060047861467
0.00008635288456381624
0.00009406792212332802
0.0001024722453372257
0.0001116274371478704
0.0001216005825108537
0.000132464759962117
0.0001442995771032188
0.0001571917539285369
0.0001712357582687504
0.0001865344980068373
0.0002032000751388194
0.0002213546072046597
0.0002411311221083728
0.0002626745328841703
0.0002861426995512715
0.0003117075858381528
0.0003395565192521707
0.000369893563727756
0.0004029410149113044
0.0004389410290395078
0.0004781573973467867
0.0005208774790038461
0.0005674143067510266
0.0006181088806555423
0.0006733326668001859
0.0007334903192127191
0.0007990226449809727
0.0008704098342806306
0.0009481749789838261
0.001032887905631267
0.001125169350854115
0.001225695509841146
0.001335202991180244
0.001454494214380962
0.00158444328962869
0.001726002422854494
0.001880208893053992
0.002048192652981774
0.002231184608915714
0.002430525640161383
0.002647676424387285
0.002884228140786358
0.003141914129491496
0.00342262259267982
0.003728410430433452
0.004061518312739478
0.004424387098069665
0.004819675718847596
0.005250280664859521
0.005719357207374265
0.006230342519492561
0.006786980862140928
0.007393351020261223
0.008053896190235442
0.008773456537546777
0.009557304663244249
0.01041118423909252
0.0113413520945072
0.01235462406366889
0.01345842492876232
0.014660842825301
0.01597068850819427
0.01739755991283072
0.01895191248425122
0.02064513578975092
0.02248963697629137
0.02449893168425966
0.02668774308374794
0.02907210975904475
0.03166950323186525
0.03449895598447544
0.03758120092080382
0.04093882328744625
0.04459642616776981
0.04858081076177918
0.05292117277275143
0.05764931633966906
0.06279988708304746
0.0684106259718075
0.07452264587141096
0.08118073279967375
0.08843367409771827
0.09633461592074807
0.10494145266817
0.114317251206623
0.124530712994428
0.135656677493677
0.147776670558748
0.160979501819558
0.175361915436923
0.19102929899843
0.208096455749296
0.226688445816757
0.246941502592077
0.269004030985002
0.293037694865397
0.319218601660335
0.347738592786795
0.378806649375678
0.412650423587602
0.449517906741267
0.489679246477625
0.533428726275215
0.581086921821589
0.633003050041737
0.689557527996071
0.751164760398391
0.818276176179441
0.891383536346577
0.971022537378002
1.05777673655553
1.15228182799892
1.25523030073448
1.36737651293017
1.48954221947879
1.62262259343277
1.76759278541281
1.92551506905469
2.09754662485274
2.28494801943623
2.48909244241095
2.71147576844918
2.95372751835838
3.21762279944604
3.50509531267427
3.81825152191435
4.15938608912689
4.53099868856947
4.93581232323825
5.37679327775799
5.85717285392579
6.38047104817656
6.95052234446744
7.57150381157944

# Sn Ionic 5s // Atomic 5p spline knots reproduced by FHI-AIMS
