259
6.967159876226152E+20 -2.666687084796242E+15 3.3791250617147155E+9 -1282.2292775089375
-1.765793035253692E+20 7.296807959408374E+14 -1.0238586324333087E+9 620.4175196656744
3.793194963668664E+19 -1.571686561518969E+14 1.9830250376748568E+8 59.000231641224445
-1.355645263236068E+19 6.9116180507747734E+13 -1.3319497945547715E+8 220.8767158772481
-2.1422132852316694E+17 6.782794599642102E+12 -3.612348493338545E+7 170.4870522351239
-2.8480656827966525E+18 1.986342199977571E+13 -5.777786666168889E+7 182.43633248728997
-1.689470566250267E+18 1.3746733317494172E+13 -4.701371506071761E+7 176.12207948172028
-1.5489816516488192E+18 1.2958285498907223E+13 -4.5538747054883584E+7 175.20232695574558
-1.2349407494523546E+18 1.1084743942746355E+13 -4.181295004552278E+7 172.7325724046541
-1.0251657535228023E+18 9.754359827619234E+12 -3.900053685976664E+7 170.75077185109507
-8.407901358608694E+17 8.511354377235373E+12 -3.6207212794331014E+7 168.65835428040464
-6.920506430424833E+17 7.445391559044731E+12 -3.366075453536605E+7 166.6306257474159
-5.690162348425407E+17 6.508070099662795E+12 -3.128046777636961E+7 164.61574778555865
-4.680029016834213E+17 5.690006831966888E+12 -2.9072087657878708E+7 162.62855725057642
-3.848852002351195E+17 4.974443742055987E+12 -2.7018652081096843E+7 160.66432436068155
-3.165379004049516E+17 4.348951419871982E+12 -2.51105511218133E+7 158.72406645412764
-2.603252956361904E+17 3.8020858936915317E+12 -2.333715347102622E+7 156.80711790690256
-2.1409567810543667E+17 3.3239918286087764E+12 -2.1689047435140606E+7 154.91331101553803
-1.7607551452003578E+17 2.9060139970370303E+12 -2.015735607972773E+7 153.04233586563234
-1.4480715671152256E+17 2.540595475802111E+12 -1.8733864889056608E+7 151.1939282159869
-1.190915647671061E+17 2.2211268424770996E+12 -1.7410929399190556E+7 149.36781434253027
-9.794267700988766E+16 1.9418303731092644E+12 -1.6181447598589908E+7 147.563727211951
-8.054952083309931E+16 1.697654625902517E+12 -1.5038818185082562E+7 145.78140171955786
-6.624513916242999E+16 1.4841833560110176E+12 -1.3976906198525961E+7 144.02057606252555
-5.448101292178547E+16 1.2975555993383005E+12 -1.29900098537056E+7 142.2809913176764
-4.480603033533077E+16 1.134395873523426E+12 -1.2072830041748961E+7 140.56239153606265
-3.684918936887267E+16 9.917531350021373E+11 -1.1220441891785765E+7 138.86452368867083
-3.0305371986367344E+16 8.670474143248713E+11 -1.0428268360618642E+7 137.18713765250592
-2.4923644433346036E+16 7.580231590218867E+11 -9.692055677530976E+6 135.52998618276234
-2.049763511147475E+16 6.627084425279646E+11 -9.007850522680918E+6 133.8928248882515
-1.6857621108242092E+16 5.793793013423691E+11 -8.371978814077415E+6 132.2754122038471
-1.3864019991884422E+16 5.0652855608339764E+11 -7.78102599187411E+6 130.6775093646077
-1.140203732270726E+16 4.428385524579792E+11 -7.231818692056975E+6 129.09888037521702
-9.377264674217228E+15 3.871573297960699E+11 -6.721407715062071E+6 127.53929198388005
-7.712059359849166E+15 3.384777858300239E+11 -6.247052194595505E+6 125.99851365096563
-6.342567064714868E+15 2.959194613562038E+11 -5.806204884865224E+6 124.47631752052374
-5.216273209051718E+15 2.5871261521244394E+11 -5.39649848571525E+6 122.97247838962947
-4.289989154051018E+15 2.2618430170439426E+11 -5.015732933303388E+6 121.48677367817734
-3.5281960291518145E+15 1.9774619869037067E+11 -4.661863588025319E+6 120.01898339852117
-2.9016826728068845E+15 1.7288396618932898E+11 -4.332990256129146E+6 118.56889012380611
-2.3864254582488815E+15 1.5114794312292688E+11 -4.027346986842448E+6 117.13627895761928
-1.9626670480308262E+15 1.3214501389952466E+11 -3.7432925898384205E+6 115.72093750317389
-1.6141587499078192E+15 1.155314977171166E+11 -3.4793018217279296E+6 114.32265582933695
-1.3275374234982152E+15 1.0100693211874283E+11 -3.233957196394663E+6 112.94122644401428
-1.0918130385407E+15 8.83086381325373E+10 -3.0059413716294128E+6 111.57644425621652
-8.979472398045995E+14 7.720696898397803E+10 -2.7940300757955993E+6 110.22810655128697
-7.385067517181088E+14 6.750115615223821E+10 -2.597085531668553E+6 108.89601295150906
-6.073783369023222E+14 5.90156779265168E+10 -2.4140503473663507E+6 107.5799653934984
-4.995343725936091E+14 5.1597084479543274E+10 -2.243941835856966E+6 106.27976808544292
-4.108400603444992E+14 4.511122233851219E+10 -2.085846738791775E+6 104.99522748659517
-3.3789487132502906E+14 3.944080776266655E+10 -1.9389163202397472E+6 103.72615226542675
-2.7790215045390347E+14 3.448330536786333E+10 -1.8023618091945662E+6 102.47235327541277
-2.2856187660203344E+14 3.014907346485639E+10 -1.6754501626328314E+6 101.2336435191092
-1.8798246769790228E+14 2.6359742655857304E+10 -1.5575001286311662E+6 100.00983811896184
-1.5460824806309238E+14 2.3046798317216522E+10 -1.447878587303456E+6 98.80075428549651
-1.2715979675832362E+14 2.0150341349282314E+10 -1.3459971505459594E+6 97.6062112891527
-1.0458488921001712E+14 1.76180047565393E+10 -1.2513090016912613E+6 96.42603042914867
-8.601815107537997E+13 1.5404006483607443E+10 -1.1633059588842848E+6 95.26003500840987
-7.0747876962981E+13 1.346832135291663E+10 -1.0815157456984597E+6 94.10805030681483
-5.8188741724302836E+13 1.177595713917518E+10 -1.0054994548333513E+6 92.9699035592118
-4.785935781630816E+13 1.0296321679893269E+10 -934849.1910852892 91.84542393680235
-3.9363818115201414E+13 9.002669571355917E+9 -869185.8808149532 90.73444253069786
-3.2376516465465176E+13 7.87161844927357E+9 -808157.236526015 89.63679234465121
-2.662966380529433E+13 6.882726092277489E+9 -751435.8650465879 88.55230828874573
-2.19030212408734E+13 6.018120710432723E+9 -698717.5097428361 87.48082718523052
-1.801545630466406E+13 5.262177719447334E+9 -649719.4166780032 86.42218777607775
-1.481799867438744E+13 4.60123716266927E+9 -604178.816394238 85.3762307415976
-1.2188129040147355E+13 4.023356663169499E+9 -561851.5127446258 84.34279872246478
-1.0025082142875383E+13 3.5180954391455307E+9 -522510.5712199382 83.32173634492027
-8.245983883606133E+12 3.0763254755510025E+9 -485945.099598289 82.31289024469002
-6.782674392230221E+12 2.690066437544899E+9 -451959.1143320854 81.31610908587926
-5.579095233585273E+12 2.3523413373887897E+9 -420370.4862372321 80.33124356018621
-4.58914058785249E+12 2.0570503488301888E+9 -391009.9600421573 79.35814636470505
-3.774890006659799E+12 1.7988604851495E+9 -363720.24225454306 78.3966721401287
-3.105154990706684E+12 1.5731091475601325E+9 -338355.1524755345 77.4466773562403
-2.554283672626817E+12 1.3757198041328847E+9 -314778.83400219283 76.5080201435367
-2.1011777607487844E+12 1.2031282713742878E+9 -292865.01915296045 75.58056004247032
-1.7284840694902705E+12 1.0522182732593192E+9 -272496.34637491533 74.66415769245728
-1.4219296202607947E+12 9.202651083119663E+8 -253563.72523329037 73.75867443902332
-1.169774827838689E+12 8.048864113949263E+8 -235965.74692480618 72.86397189623491
-9.623637928355947E+11 7.039991165826383E+8 -219608.13725633675 71.9799114716332
-7.917544564434996E+11 6.157818438214734E+8 -204403.2499233 71.10635390339199
-6.514144267897861E+11 5.386420252678041E+8 -190269.59748601203 70.24315884208016
-5.359708109096145E+11 4.71187174554056E+8 -177131.41786437662 69.3901845343571
-4.410044546603394E+11 4.1219977447954607E+8 -164918.27381008634 68.54728764732454
-3.628807002115618E+11 3.60615324840034E+8 -153564.6829021461 67.71432327268782
-2.986101730855159E+11 3.155031492223443E+8 -143009.77549246076 66.89114513284994
-2.4573426435867175E+11 2.760496098347508E+8 -133196.97789592427 66.07760598304453
-2.0223092425070813E+11 2.415434250535272E+8 -124073.71835461856 65.2735581948413
-1.6643716231502225E+11 2.1136282281339073E+8 -115591.15321553085 64.47885446686003
-1.3698529208611287E+11 1.8496429852339438E+8 -107703.91120256609 63.69334860691506
-1.1275048421525569E+11 1.6187277603330666E+8 -100369.85387268974 62.916896311619226
-9.280762497025824E+10 1.4167299663886338E+8 -93549.85073988017 62.149355870982376
-7.639583233527951E+10 1.2400198395070381E+8 -87207.5679604526 61.390588738917664
-6.288927345463993E+10 1.0854245171168326E+8 -81309.26972965992 60.64045991911717
-5.1773167153483284E+10 9.50170385743492E+7 -75823.63187591724 59.89883814493393
-4.262405226605213E+10 8.318326800753026E+7 -70721.56726634901 59.16559584955493
-3.509356477546432E+10 7.282914379834959E+7 -65976.06270801695 58.44060894069328
-2.889510054753347E+10 6.376930242843269E+7 -61562.02708942029 57.7237564173171
-2.3792850486192646E+10 5.584165277102249E+7 -57456.15037914158 57.01491986472254
-1.959278591583098E+10 4.89044419596435E+7 -53636.773078681705 56.31398287626502
-1.6135246870856918E+10 4.2833693565926E+7 -50083.76561870852 55.620830445850274
-1.328884769899651E+10 3.752097072073887E+7 -46778.41708001139 54.935348363144826
-1.0945465326607044E+10 3.2871422781936765E+7 -43703.33263655441 54.25742264801052
-9.016117311674932E+9 2.8802079206041425E+7 -40842.339007183306 53.58693903522443
-7.427571314710078E+9 2.524035903106104E+7 -38180.39728414419 52.92378252762525
-6.11955585099414E+9 2.2122768343646303E+7 -35703.52246528868 52.26783701463172
-5.042465455208882E+9 1.939376174452119E+7 -33398.70910043997 51.618984956342075
-4.1554724443518586E+9 1.700474691498467E+7 -31253.86249102089 50.97710712437832
-3.424973123036751E+9 1.4913214113873892E+7 -29257.7349426079 50.342082389182984
-2.8233091236988807E+9 1.3081974794617213E+7 -27399.86662624866 49.71378754269393
-2.327715121045001E+9 1.1478495575069193E+7 -25670.53065516883 49.09209714504441
-1.9194528197135623E+9 1.0074315557394698E+7 -24060.68202304687 48.476883381917204
-1.5830982348396392E+9 8.84453654663343E+6 -22561.910108604483 47.86801592636498
-1.3059551255067463E+9 7.767377024594028E+6 -21166.39446241844 47.26536179176266
-1.0775722536518989E+9 6.823781907221232E+6 -19866.86363756791 46.66878516913991
-8.89346093431313E+8 5.997081115952343E+6 -18656.556849387016 46.078147243468976
-7.341938663013777E+8 5.272690859895764E+6 -17529.188258387527 45.493305978995956
-6.06284455612865E+8 4.637852297919565E+6 -16478.91369922192 44.91411586899551
-5.0081695607955587E+8 4.081402913604306E+6 -15500.299691194308 44.3404276452311
-4.1383842493372405E+8 3.593576511933879E+6 -14588.294567509587 43.77208793614672
-3.4209389608897495E+8 3.1658282682051086E+6 -13738.201591969597 43.20893887385184
-2.82902943769557E+8 2.7906816896632956E+6 -12945.653914343873 42.650817633392116
-2.3405809610943392E+8 2.461594757319323E+6 -12206.591254871995 42.09755590531806
-1.9374122861661834E+8 2.172842841421037E+6 -11517.238186541568 41.5489792822121
-1.604547544131398E+8 1.9194162954718308E+6 -10874.083915138512 41.00490655392616
-1.3296499072641903E+8 1.696930888548945E+6 -10273.863449346807 40.46514889440458
-1.102555455584183E+8 1.5015494679518547E+6 -9713.540065073106 39.929508924127546
-9.148895031709811E+7 1.3299134453900442E+6 -9190.288975179537 39.39777963057517
-7.597507826155934E+7 1.179082874324833E+6 -8701.482117110561 38.8697431217785
-6.3145147487550214E+7 1.0464840424116172E+6 -8244.6739826929 38.34516919037135
-5.253031971605699E+7 929863.6354581686 -7817.588412370453 37.823813654227315
-4.374408150966827E+7 827248.6496804005 -7418.106288211221 37.30541644251016
-3.6467738424875036E+7 736911.3302971146 -7044.2540578505605 36.78969938301289
-3.0438471341869924E+7 657338.5066789284 -6694.193032112797 36.27636364781861
-2.5439501638883393E+7 587204.771915728 -6366.209397878696 35.76508680086033
-2.1291992239454508E+7 525349.02489116 -6058.704895659108 35.25551938832463
-1.784837755075184E+7 470753.95274666406 -5770.188111997535 34.74728099986042
-1.4986869696431223E+7 422528.0850639133 -5499.266342525247 34.23995572194911
-1.2606933131527903E+7 379890.0968950918 -5244.637982271954 33.73308688948474
-1.0625556547883105E+7 342155.0786157937 -5005.08540448458 33.22617103129493
-8.97418123905787E+6 308722.52569471876 -4779.468290303626 32.71865088736505
-7.596170015160512E+6 279065.83250893507 -4566.717374233875 32.20990735792557
-6.444721261475281E+6 252723.10141268506 -4365.8285723691615 31.699250223614193
-5.481149608245475E+6 229289.10197266974 -4175.857462310757 31.185907452153714
-4.673468571140997E+6 208408.2361898661 -3995.9140870552 30.66901288409692
-3.9952219579315847E+6 189768.38398810854 -3825.1580604926867 30.147592072175314
-3.424520256590978E+6 173095.5197749244 -3662.7939623901375 29.62054604865709
-2.9432459811408627E+6 158149.0058811704 -3508.0670294873767 29.086632835723865
-2.536398343974749E+6 144717.48242812103 -3360.259180561894 28.544446630256154
-2.1915528863334856E+6 132615.28588416014 -3218.685462109901 27.992394841323506
-1.898416007489969E+6 121679.33964115515 -3082.6910639733032 27.42867357710688
-1.6484578195910668E+6 111766.46782808124 -2951.6491106391177 26.851242742482654
-1.4346094938797574E+6 102751.08460369403 -2824.959420002518 26.25780234865372
-1.2510132898885878E+6 94523.19888588479 -2702.04819432782 25.645771104541307
-1.0928148416843775E+6 86986.64189180468 -2582.367940465705 25.012265063000445
-955988.3528207098 80057.37695648102 -2465.3956764383124 24.354065832182375
-837187.2848838314 73661.74381959751 -2350.6264409649534 23.667556921637527
-733618.0616609495 67734.67276441102 -2237.561413214934 22.94861269769258
-642942.5064781507 62218.3984674363 -2125.700018825087 22.19248812996256
-563217.111461525 57062.569228539345 -2014.5577864363515 21.393871312118108
-492858.6023613459 52225.696179181985 -1903.7190682068883 20.547234698381153
-430598.90221957973 47675.80195075547 -1792.8847326590076 19.647268727041165
-375408.026101878 43388.265950459325 -1681.8581388512955 18.688916849125647
-326414.88066803315 39342.30180872595 -1570.4831992807767 17.66696207066812
-282863.0833412215 35518.996282602515 -1458.6036593359204 16.575669786827362
-244097.78682208815 31901.382099742445 -1346.0705988310524 15.408815144837835
-209562.21230803928 28475.345187205374 -1232.7794095648296 14.160055144774029
-178791.948450164 25230.43419635586 -1118.7142265126636 12.823514530725944
-151402.89800886018 22160.035597316222 -1003.980450239698 11.394401556928091
-127075.4312977603 19260.95101915728 -888.8199269358854 9.869558597013492
-105539.17217024337 16532.724147813744 -773.6154274380947 8.24798320141592
-86560.34955700181 13976.931031661077 -658.8896866183256 6.53136074040623
-69931.96109946388 11596.515329959682 -545.3012305997495 4.724626265210418
-55466.41949591902 9395.19340690345 -433.6377491637348 2.8365587733068773
-42990.1928184041 7376.9277411072135 -324.80686615663836 0.8803972205393062
-32339.9784175315 5545.458448455364 -219.82369731539757 -1.1255451821294802
-23360.011430715876 3903.877715636512 -119.79410528688345 -3.1573102732091507
-15900.178113234764 2454.228766227286 -25.892003765895737 -5.184836701510134
-9814.762829830912 1197.1278073729072 60.670306673974125 -7.1716921289153595
-4961.905617645838 131.45553718546228 138.67640615937503 -9.0750138558524
-1203.763634827505 -745.8392547772329 206.94118128172502 -10.845638570675806
1593.621740578389 -1440.017313978997 264.361845367286 -12.428869568506634
3561.9972448983804 -1959.2628240711038 310.01978328937565 -13.767123666539252
4832.107680292359 -2315.4288559256624 343.31196500628107 -14.804438911248921
5530.46304262405 -2523.606313852783 363.99763896091844 -15.489586911450688
5772.328610263224 -2600.250195231497 372.0934372593048 -15.774636628441133
5659.518611651634 -2562.2490002728464 367.8264076340986 -15.614926371590888
5284.253667941319 -2427.8692373877248 351.78625522469287 -14.97671894165986
4729.6827448774575 -2216.7639138184486 324.99950545361094 -13.843745834260394
4068.289270056263 -1949.1256453862857 288.89883545091624 -12.220586856438064
3361.282778338748 -1644.99658350796 245.29033144491774 -10.136272596458959
2658.1426128517965 -1323.46573766068 196.2806223780344 -7.646152168053335
1996.524584673771 -1001.8522289333137 144.16835387331548 -4.8315020212006
1402.8858357187728 -695.0945747493308 91.33023834367856 -1.7977646776831753
893.6609364586233 -415.37103645660704 40.11170471954832 1.3283435774146382
476.6821488379451 -171.88191662801978 -7.282354031175593 4.403356821604438
152.71463643379056 29.218640609988825 -48.89294004469565 7.273298924482083
-82.79162542842077 184.62203020790574 -83.07492358313706 9.77948192268944
-238.3014949091373 293.7063179757925 -108.58109001394931 11.767438634293917
-326.5577464216067 359.5169310617227 -124.938899311776 13.122731306590216
-363.3642748423396 388.69264761343817 -132.6478798724687 13.801702134719358
-361.31399265362893 386.96499457448067 -132.16261577249037 13.756268388973378
-330.96930904545155 359.7836010308449 -124.04666192574686 12.94850128244482
-283.51997680640943 314.60160374718413 -109.70566011595378 11.431198335304979
-228.33581438514045 258.74223920976783 -90.85805076803841 9.311396334492256
-172.44889869552327 198.60577452310102 -69.28833663855517 6.73252526155414
-120.86533942128226 139.6012559219659 -46.79064380557115 3.8731612964042794
-76.66503002405916 85.85533721244187 -25.006303248351358 0.9299456073040457
-41.231644687260015 40.0539065329574 -5.271891456120006 -1.9043691219357881
-14.660376814773613 3.5428088532299675 11.451187775876718 -4.457578025274426
3.798931331149468 -23.420565861719155 24.579588368711295 -6.588306639527863
15.36342643442854 -41.37748055459457 33.87386314126564 -8.191840153408055
21.436439156204845 -51.40181272366969 39.389370300539454 -9.203406101506769
23.411839637574488 -54.868004829589665 41.416720843455124 -9.598666962057521
22.555393150552053 -53.270493594304845 40.42345304621315 -9.39280906358667
19.97478179638605 -48.15352786860478 37.04139421795396 -8.647685062960234
16.58891075839633 -41.01667847404981 32.026966250569345 -7.473287862832829
13.02462434062738 -33.03020726116461 26.061889845535923 -5.988187390236998
9.6369630982251 -24.961043568474405 19.655168704664337 -4.292593425355848
6.6424802999215515 -17.378819957882683 13.255608941669077 -2.4921380768334505
4.166871561841249 -10.715310969397898 7.276964664995928 -0.7040817915356115
2.2497317243140924 -5.2297507368828935 2.0449743713433852 0.9592987489252593
0.864216497691484 -1.01545785506765 -2.2278679986419205 2.4033671791255546
-0.05894956608530474 1.969508621889262 -5.445066297037092 3.55919980137873
-0.609929781888884 3.8633423511719713 -7.614899920396239 4.387885354262177
-0.882495002696932 4.859257863323039 -8.827878969841956 4.88033615503889
-0.9622180237715909 5.168915661018873 -9.228800185910927 5.053363523411628
-0.9201258586806395 4.995117269259879 -8.989595883378263 4.943622004764582
-0.8106852168652995 4.514754505410225 -8.28678450524745 4.6008644956467935
-0.6726326359886365 3.870612754993249 -7.284947398459526 4.081476960275123
-0.5313329701141145 3.1697640596724015 -6.126206999245082 3.442880107756207
-0.4017048136789852 2.4862795217585205 -4.924947626759056 2.7391216465480506
-0.29109291730630565 1.8662999167363863 -3.766619203240168 2.017740531286014
-0.20175179255543055 1.3339794111545649 -2.709378873164327 1.3178131355295948
-0.13282078169696657 0.8973805052614702 -1.7875944094757243 0.6690967461625701
-0.08179372643274299 0.553810914786509 -1.0164997886064078 0.09222485876064157
-0.04553058471972248 0.2942580339944234 -0.3972512004154416 -0.40024872736210476
-0.02088004222939943 0.10670110071939795 0.07843276250128878 -0.802393698536209
-0.005006101021576493 -0.021690798898987687 0.4245866607214696 -1.1134790593447212
0.004480146811664017 -0.10325386418756037 0.6583472840368689 -1.3367992137940086
0.009499351333786129 -0.14912929760119287 0.7981141456057899 -1.4787399297664119
0.011537859560100946 -0.16893562580866284 0.8622608309119033 -1.5479904775822297
0.011705098337854955 -0.1706629533722209 0.8682077381860367 -1.5548152217464246
0.010798012198335004 -0.16070356967109323 0.8317579386999665 -1.5103483510228113
0.009363953180295127 -0.14396581592844707 0.7666391867691966 -1.4258995072448302
0.007758102893549937 -0.12404159182321615 0.6842374192088114 -1.312301586422189
0.006194123403165717 -0.10341375756498122 0.5935483471330908 -1.1793985116900152
0.004787408987141848 -0.0836906777059365 0.5013714099393096 -1.0358004561606728
0.003589739789439165 -0.06584011583527036 0.41268733376043215 -0.8889355110554005
0.0026136831042047593 -0.05037560219005731 0.331014760879228 -0.7451566783448443
0.0018493065758298963 -0.03750156427516356 0.2587376190599108 -0.6098977625821334
0.0012710113011868078 -0.02714768015650503 0.1969451282435353 -0.48697088549482037
0.0008553396468230198 -0.019236335922837473 0.14675377574490503 -0.3808291312730302
0.0005493565624697883 -0.013045582518565843 0.10500263581559523 -0.2869709973990483
0.00039866840174284003 -0.009804639209253356 0.08176764623290236 -0.23144552334374202
0.00010877437111275629 -0.003176711080734009 0.0312555893715986 -0.10312649519069275
-0.0001642434030518676 0.0034588194958625963 -0.02250191923465935 0.042045002310171026
0.00036575795844761823 -0.01023447453423535 0.09542626926673187 -0.2964919392675059
